    1: /* -*- Mode: C++; tab-width: 2; indent-tabs-mode: nil; c-basic-offset: 2 -*- */
    1: /* ***** BEGIN LICENSE BLOCK *****
    1:  * Version: MPL 1.1/GPL 2.0/LGPL 2.1
    1:  *
    1:  * The contents of this file are subject to the Mozilla Public License Version
    1:  * 1.1 (the "License"); you may not use this file except in compliance with
    1:  * the License. You may obtain a copy of the License at
    1:  * http://www.mozilla.org/MPL/
    1:  *
    1:  * Software distributed under the License is distributed on an "AS IS" basis,
    1:  * WITHOUT WARRANTY OF ANY KIND, either express or implied. See the License
    1:  * for the specific language governing rights and limitations under the
    1:  * License.
    1:  *
    1:  * The Original Code is Mozilla Communicator client code.
    1:  *
    1:  * The Initial Developer of the Original Code is
    1:  * Netscape Communications Corporation.
    1:  * Portions created by the Initial Developer are Copyright (C) 1998
    1:  * the Initial Developer. All Rights Reserved.
    1:  *
    1:  * Contributor(s):
    1:  *
    1:  * Alternatively, the contents of this file may be used under the terms of
    1:  * either the GNU General Public License Version 2 or later (the "GPL"), or
    1:  * the GNU Lesser General Public License Version 2.1 or later (the "LGPL"),
    1:  * in which case the provisions of the GPL or the LGPL are applicable instead
    1:  * of those above. If you wish to allow use of your version of this file only
    1:  * under the terms of either the GPL or the LGPL, and not to allow others to
    1:  * use your version of this file under the terms of the MPL, indicate your
    1:  * decision by deleting the provisions above and replace them with the notice
    1:  * and other provisions required by the GPL or the LGPL. If you do not delete
    1:  * the provisions above, a recipient may use your version of this file under
    1:  * the terms of any one of the MPL, the GPL or the LGPL.
    1:  *
    1:  * ***** END LICENSE BLOCK ***** */
    1: 
    1: #include "nscore.h"
    1: #include "JpCntx.h"
    1: 
    1: //This is hiragana 2-char sequence table, the number in each cell represents its frequency category
29631: const PRUint8 jp2CharContext[83][83] = 
    1: { 
    1: { 0,0,0,2,0,0,0,0,0,0,0,0,0,0,0,0,0,0,0,0,0,0,0,0,0,0,0,0,0,0,0,0,0,0,0,0,0,0,0,1,0,0,0,0,0,0,0,0,0,0,0,0,0,0,0,0,0,0,0,0,0,0,0,0,0,0,0,1,0,0,0,1,0,0,0,0,0,0,0,0,0,0,1,},
    1: { 2,4,0,4,0,3,0,4,0,3,4,4,4,2,4,3,3,4,3,2,3,3,4,2,3,3,3,2,4,1,4,3,3,1,5,4,3,4,3,4,3,5,3,0,3,5,4,2,0,3,1,0,3,3,0,3,3,0,1,1,0,4,3,0,3,3,0,4,0,2,0,3,5,5,5,5,4,0,4,1,0,3,4,},
    1: { 0,0,1,0,0,0,0,0,0,0,0,0,0,0,0,0,0,0,0,0,0,0,0,0,0,0,0,0,0,0,0,0,0,0,1,0,0,0,0,0,0,0,0,0,0,0,0,0,0,0,0,0,0,0,0,0,0,0,0,0,0,0,0,0,0,0,0,0,0,0,0,0,0,0,0,0,0,0,0,0,0,0,2,},
    1: { 0,4,0,5,0,5,0,4,0,4,5,4,4,3,5,3,5,1,5,3,4,3,4,4,3,4,3,3,4,3,5,4,4,3,5,5,3,5,5,5,3,5,5,3,4,5,5,3,1,3,2,0,3,4,0,4,2,0,4,2,1,5,3,2,3,5,0,4,0,2,0,5,4,4,5,4,5,0,4,0,0,4,4,},
    1: { 0,0,0,0,0,0,0,0,0,0,0,0,0,0,0,0,0,0,0,0,0,0,0,0,0,0,0,0,0,0,0,0,0,0,0,0,0,0,0,0,0,0,0,0,0,0,0,0,0,0,0,0,0,0,0,0,0,0,0,0,0,0,0,0,0,0,0,0,0,0,0,0,0,0,0,0,0,0,0,0,0,0,0,},
    1: { 0,3,0,4,0,3,0,3,0,4,5,4,3,3,3,3,4,3,5,4,4,3,5,4,4,3,4,3,4,4,4,4,5,3,4,4,3,4,5,5,4,5,5,1,4,5,4,3,0,3,3,1,3,3,0,4,4,0,3,3,1,5,3,3,3,5,0,4,0,3,0,4,4,3,4,3,3,0,4,1,1,3,4,},
    1: { 0,0,0,0,0,0,0,0,0,0,0,0,0,0,0,0,0,0,0,0,0,0,0,0,0,0,0,0,0,0,0,0,0,0,1,0,0,0,0,0,0,0,0,0,0,0,0,0,0,0,0,0,0,0,0,0,0,0,0,0,0,0,0,0,0,0,0,0,0,0,0,0,0,0,0,0,0,0,0,0,0,0,0,},
    1: { 0,4,0,3,0,3,0,4,0,3,4,4,3,2,2,1,2,1,3,1,3,3,3,3,3,4,3,1,3,3,5,3,3,0,4,3,0,5,4,3,3,5,4,4,3,4,4,5,0,1,2,0,1,2,0,2,2,0,1,0,0,5,2,2,1,4,0,3,0,1,0,4,4,3,5,4,3,0,2,1,0,4,3,},
    1: { 0,0,0,0,0,0,0,0,0,0,0,0,0,0,0,0,0,0,0,0,0,0,0,0,0,0,0,0,0,0,0,0,0,0,0,0,0,0,0,1,0,0,0,0,0,0,0,0,0,0,0,0,0,0,0,0,0,0,0,0,0,0,0,0,0,0,0,0,0,0,0,0,0,0,0,0,0,0,0,0,0,0,0,},
    1: { 0,3,0,5,0,4,0,2,1,4,4,2,4,1,4,2,4,2,4,3,3,3,4,3,3,3,3,1,4,2,3,3,3,1,4,4,1,1,1,4,3,3,2,0,2,4,3,2,0,3,3,0,3,1,1,0,0,0,3,3,0,4,2,2,3,4,0,4,0,3,0,4,4,5,3,4,4,0,3,0,0,1,4,},
    1: { 1,4,0,4,0,4,0,4,0,3,5,4,4,3,4,3,5,4,3,3,4,3,5,4,4,4,4,3,4,2,4,3,3,1,5,4,3,2,4,5,4,5,5,4,4,5,4,4,0,3,2,2,3,3,0,4,3,1,3,2,1,4,3,3,4,5,0,3,0,2,0,4,5,5,4,5,4,0,4,0,0,5,4,},
    1: { 0,5,0,5,0,4,0,3,0,4,4,3,4,3,3,3,4,0,4,4,4,3,4,3,4,3,3,1,4,2,4,3,4,0,5,4,1,4,5,4,4,5,3,2,4,3,4,3,2,4,1,3,3,3,2,3,2,0,4,3,3,4,3,3,3,4,0,4,0,3,0,4,5,4,4,4,3,0,4,1,0,1,3,},
    1: { 0,3,1,4,0,3,0,2,0,3,4,4,3,1,4,2,3,3,4,3,4,3,4,3,4,4,3,2,3,1,5,4,4,1,4,4,3,5,4,4,3,5,5,4,3,4,4,3,1,2,3,1,2,2,0,3,2,0,3,1,0,5,3,3,3,4,3,3,3,3,4,4,4,4,5,4,2,0,3,3,2,4,3,},
    1: { 0,2,0,3,0,1,0,1,0,0,3,2,0,0,2,0,1,0,2,1,3,3,3,1,2,3,1,0,1,0,4,2,1,1,3,3,0,4,3,3,1,4,3,3,0,3,3,2,0,0,0,0,1,0,0,2,0,0,0,0,0,4,1,0,2,3,2,2,2,1,3,3,3,4,4,3,2,0,3,1,0,3,3,},
    1: { 0,4,0,4,0,3,0,3,0,4,4,4,3,3,3,3,3,3,4,3,4,2,4,3,4,3,3,2,4,3,4,5,4,1,4,5,3,5,4,5,3,5,4,0,3,5,5,3,1,3,3,2,2,3,0,3,4,1,3,3,2,4,3,3,3,4,0,4,0,3,0,4,5,4,4,5,3,0,4,1,0,3,4,},
    1: { 0,2,0,3,0,3,0,0,0,2,2,2,1,0,1,0,0,0,3,0,3,0,3,0,1,3,1,0,3,1,3,3,3,1,3,3,3,0,1,3,1,3,4,0,0,3,1,1,0,3,2,0,0,0,0,1,3,0,1,0,0,3,3,2,0,3,0,0,0,0,0,3,4,3,4,3,3,0,3,0,0,2,3,},
    1: { 2,3,0,3,0,2,0,1,0,3,3,4,3,1,3,1,1,1,3,1,4,3,4,3,3,3,0,0,3,1,5,4,3,1,4,3,2,5,5,4,4,4,4,3,3,4,4,4,0,2,1,1,3,2,0,1,2,0,0,1,0,4,1,3,3,3,0,3,0,1,0,4,4,4,5,5,3,0,2,0,0,4,4,},
    1: { 0,2,0,1,0,3,1,3,0,2,3,3,3,0,3,1,0,0,3,0,3,2,3,1,3,2,1,1,0,0,4,2,1,0,2,3,1,4,3,2,0,4,4,3,1,3,1,3,0,1,0,0,1,0,0,0,1,0,0,0,0,4,1,1,1,2,0,3,0,0,0,3,4,2,4,3,2,0,1,0,0,3,3,},
    1: { 0,1,0,4,0,5,0,4,0,2,4,4,2,3,3,2,3,3,5,3,3,3,4,3,4,2,3,0,4,3,3,3,4,1,4,3,2,1,5,5,3,4,5,1,3,5,4,2,0,3,3,0,1,3,0,4,2,0,1,3,1,4,3,3,3,3,0,3,0,1,0,3,4,4,4,5,5,0,3,0,1,4,5,},
    1: { 0,2,0,3,0,3,0,0,0,2,3,1,3,0,4,0,1,1,3,0,3,4,3,2,3,1,0,3,3,2,3,1,3,0,2,3,0,2,1,4,1,2,2,0,0,3,3,0,0,2,0,0,0,1,0,0,0,0,2,2,0,3,2,1,3,3,0,2,0,2,0,0,3,3,1,2,4,0,3,0,2,2,3,},
    1: { 2,4,0,5,0,4,0,4,0,2,4,4,4,3,4,3,3,3,1,2,4,3,4,3,4,4,5,0,3,3,3,3,2,0,4,3,1,4,3,4,1,4,4,3,3,4,4,3,1,2,3,0,4,2,0,4,1,0,3,3,0,4,3,3,3,4,0,4,0,2,0,3,5,3,4,5,2,0,3,0,0,4,5,},
    1: { 0,3,0,4,0,1,0,1,0,1,3,2,2,1,3,0,3,0,2,0,2,0,3,0,2,0,0,0,1,0,1,1,0,0,3,1,0,0,0,4,0,3,1,0,2,1,3,0,0,0,0,0,0,3,0,0,0,0,0,0,0,4,2,2,3,1,0,3,0,0,0,1,4,4,4,3,0,0,4,0,0,1,4,},
    1: { 1,4,1,5,0,3,0,3,0,4,5,4,4,3,5,3,3,4,4,3,4,1,3,3,3,3,2,1,4,1,5,4,3,1,4,4,3,5,4,4,3,5,4,3,3,4,4,4,0,3,3,1,2,3,0,3,1,0,3,3,0,5,4,4,4,4,4,4,3,3,5,4,4,3,3,5,4,0,3,2,0,4,4,},
    1: { 0,2,0,3,0,1,0,0,0,1,3,3,3,2,4,1,3,0,3,1,3,0,2,2,1,1,0,0,2,0,4,3,1,0,4,3,0,4,4,4,1,4,3,1,1,3,3,1,0,2,0,0,1,3,0,0,0,0,2,0,0,4,3,2,4,3,5,4,3,3,3,4,3,3,4,3,3,0,2,1,0,3,3,},
    1: { 0,2,0,4,0,3,0,2,0,2,5,5,3,4,4,4,4,1,4,3,3,0,4,3,4,3,1,3,3,2,4,3,0,3,4,3,0,3,4,4,2,4,4,0,4,5,3,3,2,2,1,1,1,2,0,1,5,0,3,3,2,4,3,3,3,4,0,3,0,2,0,4,4,3,5,5,0,0,3,0,2,3,3,},
    1: { 0,3,0,4,0,3,0,1,0,3,4,3,3,1,3,3,3,0,3,1,3,0,4,3,3,1,1,0,3,0,3,3,0,0,4,4,0,1,5,4,3,3,5,0,3,3,4,3,0,2,0,1,1,1,0,1,3,0,1,2,1,3,3,2,3,3,0,3,0,1,0,1,3,3,4,4,1,0,1,2,2,1,3,},
    1: { 0,1,0,4,0,4,0,3,0,1,3,3,3,2,3,1,1,0,3,0,3,3,4,3,2,4,2,0,1,0,4,3,2,0,4,3,0,5,3,3,2,4,4,4,3,3,3,4,0,1,3,0,0,1,0,0,1,0,0,0,0,4,2,3,3,3,0,3,0,0,0,4,4,4,5,3,2,0,3,3,0,3,5,},
    1: { 0,2,0,3,0,0,0,3,0,1,3,0,2,0,0,0,1,0,3,1,1,3,3,0,0,3,0,0,3,0,2,3,1,0,3,1,0,3,3,2,0,4,2,2,0,2,0,0,0,4,0,0,0,0,0,0,0,0,0,0,0,2,1,2,0,1,0,1,0,0,0,1,3,1,2,0,0,0,1,0,0,1,4,},
    1: { 0,3,0,3,0,5,0,1,0,2,4,3,1,3,3,2,1,1,5,2,1,0,5,1,2,0,0,0,3,3,2,2,3,2,4,3,0,0,3,3,1,3,3,0,2,5,3,4,0,3,3,0,1,2,0,2,2,0,3,2,0,2,2,3,3,3,0,2,0,1,0,3,4,4,2,5,4,0,3,0,0,3,5,},
    1: { 0,3,0,3,0,3,0,1,0,3,3,3,3,0,3,0,2,0,2,1,1,0,2,0,1,0,0,0,2,1,0,0,1,0,3,2,0,0,3,3,1,2,3,1,0,3,3,0,0,1,0,0,0,0,0,2,0,0,0,0,0,2,3,1,2,3,0,3,0,1,0,3,2,1,0,4,3,0,1,1,0,3,3,},
    1: { 0,4,0,5,0,3,0,3,0,4,5,5,4,3,5,3,4,3,5,3,3,2,5,3,4,4,4,3,4,3,4,5,5,3,4,4,3,4,4,5,4,4,4,3,4,5,5,4,2,3,4,2,3,4,0,3,3,1,4,3,2,4,3,3,5,5,0,3,0,3,0,5,5,5,5,4,4,0,4,0,1,4,4,},
    1: { 0,4,0,4,0,3,0,3,0,3,5,4,4,2,3,2,5,1,3,2,5,1,4,2,3,2,3,3,4,3,3,3,3,2,5,4,1,3,3,5,3,4,4,0,4,4,3,1,1,3,1,0,2,3,0,2,3,0,3,0,0,4,3,1,3,4,0,3,0,2,0,4,4,4,3,4,5,0,4,0,0,3,4,},
    1: { 0,3,0,3,0,3,1,2,0,3,4,4,3,3,3,0,2,2,4,3,3,1,3,3,3,1,1,0,3,1,4,3,2,3,4,4,2,4,4,4,3,4,4,3,2,4,4,3,1,3,3,1,3,3,0,4,1,0,2,2,1,4,3,2,3,3,5,4,3,3,5,4,4,3,3,0,4,0,3,2,2,4,4,},
    1: { 0,2,0,1,0,0,0,0,0,1,2,1,3,0,0,0,0,0,2,0,1,2,1,0,0,1,0,0,0,0,3,0,0,1,0,1,1,3,1,0,0,0,1,1,0,1,1,0,0,0,0,0,2,0,0,0,0,0,0,0,0,1,1,2,2,0,3,4,0,0,0,1,1,0,0,1,0,0,0,0,0,1,1,},
    1: { 0,1,0,0,0,1,0,0,0,0,4,0,4,1,4,0,3,0,4,0,3,0,4,0,3,0,3,0,4,1,5,1,4,0,0,3,0,5,0,5,2,0,1,0,0,0,2,1,4,0,1,3,0,0,3,0,0,3,1,1,4,1,0,0,0,0,0,0,0,0,0,0,0,0,1,0,0,0,0,0,0,0,0,},
    1: { 1,4,0,5,0,3,0,2,0,3,5,4,4,3,4,3,5,3,4,3,3,0,4,3,3,3,3,3,3,2,4,4,3,1,3,4,4,5,4,4,3,4,4,1,3,5,4,3,3,3,1,2,2,3,3,1,3,1,3,3,3,5,3,3,4,5,0,3,0,3,0,3,4,3,4,4,3,0,3,0,2,4,3,},
    1: { 0,1,0,4,0,0,0,0,0,1,4,0,4,1,4,2,4,0,3,0,1,0,1,0,0,0,0,0,2,0,3,1,1,1,0,3,0,0,0,1,2,1,0,0,1,1,1,1,0,1,0,0,0,1,0,0,3,0,0,0,0,3,2,0,2,2,0,1,0,0,0,2,3,2,3,3,0,0,0,0,2,1,0,},
    1: { 0,5,1,5,0,3,0,3,0,5,4,4,5,1,5,3,3,0,4,3,4,3,5,3,4,3,3,2,4,3,4,3,3,0,3,3,1,4,4,3,4,4,4,3,4,5,5,3,2,3,1,1,3,3,1,3,1,1,3,3,2,4,5,3,3,5,0,4,0,3,0,4,4,3,5,3,3,0,3,4,0,4,3,},
    1: { 0,5,0,5,0,3,0,2,0,4,4,3,5,2,4,3,3,3,4,4,4,3,5,3,5,3,3,1,4,0,4,3,3,0,3,3,0,4,4,4,4,5,4,3,3,5,5,3,2,3,1,2,3,2,0,1,0,0,3,2,2,4,4,3,1,5,0,4,0,3,0,4,3,1,3,2,1,0,3,3,0,3,3,},
    1: { 0,4,0,5,0,5,0,4,0,4,5,5,5,3,4,3,3,2,5,4,4,3,5,3,5,3,4,0,4,3,4,4,3,2,4,4,3,4,5,4,4,5,5,0,3,5,5,4,1,3,3,2,3,3,1,3,1,0,4,3,1,4,4,3,4,5,0,4,0,2,0,4,3,4,4,3,3,0,4,0,0,5,5,},
    1: { 0,4,0,4,0,5,0,1,1,3,3,4,4,3,4,1,3,0,5,1,3,0,3,1,3,1,1,0,3,0,3,3,4,0,4,3,0,4,4,4,3,4,4,0,3,5,4,1,0,3,0,0,2,3,0,3,1,0,3,1,0,3,2,1,3,5,0,3,0,1,0,3,2,3,3,4,4,0,2,2,0,4,4,},
    1: { 2,4,0,5,0,4,0,3,0,4,5,5,4,3,5,3,5,3,5,3,5,2,5,3,4,3,3,4,3,4,5,3,2,1,5,4,3,2,3,4,5,3,4,1,2,5,4,3,0,3,3,0,3,2,0,2,3,0,4,1,0,3,4,3,3,5,0,3,0,1,0,4,5,5,5,4,3,0,4,2,0,3,5,},
    1: { 0,5,0,4,0,4,0,2,0,5,4,3,4,3,4,3,3,3,4,3,4,2,5,3,5,3,4,1,4,3,4,4,4,0,3,5,0,4,4,4,4,5,3,1,3,4,5,3,3,3,3,3,3,3,0,2,2,0,3,3,2,4,3,3,3,5,3,4,1,3,3,5,3,2,0,0,0,0,4,3,1,3,3,},
    1: { 0,1,0,3,0,3,0,1,0,1,3,3,3,2,3,3,3,0,3,0,0,0,3,1,3,0,0,0,2,2,2,3,0,0,3,2,0,1,2,4,1,3,3,0,0,3,3,3,0,1,0,0,2,1,0,0,3,0,3,1,0,3,0,0,1,3,0,2,0,1,0,3,3,1,3,3,0,0,1,1,0,3,3,},
    1: { 0,2,0,3,0,2,1,4,0,2,2,3,1,1,3,1,1,0,2,0,3,1,2,3,1,3,0,0,1,0,4,3,2,3,3,3,1,4,2,3,3,3,3,1,0,3,1,4,0,1,1,0,1,2,0,1,1,0,1,1,0,3,1,3,2,2,0,1,0,0,0,2,3,3,3,1,0,0,0,0,0,2,3,},
    1: { 0,5,0,4,0,5,0,2,0,4,5,5,3,3,4,3,3,1,5,4,4,2,4,4,4,3,4,2,4,3,5,5,4,3,3,4,3,3,5,5,4,5,5,1,3,4,5,3,1,4,3,1,3,3,0,3,3,1,4,3,1,4,5,3,3,5,0,4,0,3,0,5,3,3,1,4,3,0,4,0,1,5,3,},
    1: { 0,5,0,5,0,4,0,2,0,4,4,3,4,3,3,3,3,3,5,4,4,4,4,4,4,5,3,3,5,2,4,4,4,3,4,4,3,3,4,4,5,5,3,3,4,3,4,3,3,4,3,3,3,3,1,2,2,1,4,3,3,5,4,4,3,4,0,4,0,3,0,4,4,4,4,4,1,0,4,2,0,2,4,},
    1: { 0,4,0,4,0,3,0,1,0,3,5,2,3,0,3,0,2,1,4,2,3,3,4,1,4,3,3,2,4,1,3,3,3,0,3,3,0,0,3,3,3,5,3,3,3,3,3,2,0,2,0,0,2,0,0,2,0,0,1,0,0,3,1,2,2,3,0,3,0,2,0,4,4,3,3,4,1,0,3,0,0,2,4,},
    1: { 0,0,0,4,0,0,0,0,0,0,1,0,1,0,2,0,0,0,0,0,1,0,2,0,1,0,0,0,0,0,3,1,3,0,3,2,0,0,0,1,0,3,2,0,0,2,0,0,0,0,0,0,0,0,0,0,0,0,0,0,0,0,0,0,0,0,0,0,0,0,0,0,3,4,0,2,0,0,0,0,0,0,2,},
    1: { 0,2,1,3,0,2,0,2,0,3,3,3,3,1,3,1,3,3,3,3,3,3,4,2,2,1,2,1,4,0,4,3,1,3,3,3,2,4,3,5,4,3,3,3,3,3,3,3,0,1,3,0,2,0,0,1,0,0,1,0,0,4,2,0,2,3,0,3,3,0,3,3,4,2,3,1,4,0,1,2,0,2,3,},
    1: { 0,3,0,3,0,1,0,3,0,2,3,3,3,0,3,1,2,0,3,3,2,3,3,2,3,2,3,1,3,0,4,3,2,0,3,3,1,4,3,3,2,3,4,3,1,3,3,1,1,0,1,1,0,1,0,1,0,1,0,0,0,4,1,1,0,3,0,3,1,0,2,3,3,3,3,3,1,0,0,2,0,3,3,},
    1: { 0,0,0,0,0,0,0,0,0,0,3,0,2,0,3,0,0,0,0,0,0,0,3,0,0,0,0,0,0,0,3,0,3,0,3,1,0,1,0,1,0,0,1,0,0,0,0,0,0,0,0,0,0,0,0,0,0,0,0,0,0,0,0,0,0,0,0,0,3,0,2,0,2,3,0,0,0,0,0,0,0,0,3,},
    1: { 0,2,0,3,1,3,0,3,0,2,3,3,3,1,3,1,3,1,3,1,3,3,3,1,3,0,2,3,1,1,4,3,3,2,3,3,1,2,2,4,1,3,3,0,1,4,2,3,0,1,3,0,3,0,0,1,3,0,2,0,0,3,3,2,1,3,0,3,0,2,0,3,4,4,4,3,1,0,3,0,0,3,3,},
    1: { 0,2,0,1,0,2,0,0,0,1,3,2,2,1,3,0,1,1,3,0,3,2,3,1,2,0,2,0,1,1,3,3,3,0,3,3,1,1,2,3,2,3,3,1,2,3,2,0,0,1,0,0,0,0,0,0,3,0,1,0,0,2,1,2,1,3,0,3,0,0,0,3,4,4,4,3,2,0,2,0,0,2,4,},
    1: { 0,0,0,1,0,1,0,0,0,0,1,0,0,0,1,0,0,0,0,0,0,0,1,1,1,0,0,0,0,0,0,0,0,0,2,2,0,0,0,1,0,0,0,0,0,0,0,0,0,0,0,0,0,0,0,0,0,0,0,0,0,0,0,0,0,0,0,1,0,0,0,0,1,3,1,0,0,0,0,0,0,0,3,},
    1: { 0,3,0,3,0,2,0,3,0,3,3,3,2,3,2,2,2,0,3,1,3,3,3,2,3,3,0,0,3,0,3,2,2,0,2,3,1,4,3,4,3,3,2,3,1,5,4,4,0,3,1,2,1,3,0,3,1,1,2,0,2,3,1,3,1,3,0,3,0,1,0,3,3,4,4,2,1,0,2,1,0,2,4,},
    1: { 0,1,0,3,0,1,0,2,0,1,4,2,5,1,4,0,2,0,2,1,3,1,4,0,2,1,0,0,2,1,4,1,1,0,3,3,0,5,1,3,2,3,3,1,0,3,2,3,0,1,0,0,0,0,0,0,1,0,0,0,0,4,0,1,0,3,0,2,0,1,0,3,3,3,4,3,3,0,0,0,0,2,3,},
    1: { 0,0,0,1,0,0,0,0,0,0,2,0,1,0,0,0,0,0,1,0,0,0,0,0,0,0,0,0,0,0,3,0,0,0,0,0,0,1,0,0,0,0,0,0,0,0,0,0,0,0,0,0,0,0,0,0,0,0,0,0,0,0,0,0,0,0,0,0,0,0,0,0,2,1,0,0,1,0,0,0,0,0,3,},
    1: { 0,1,0,3,0,4,0,3,0,2,4,3,1,0,3,2,2,1,3,1,2,2,3,1,1,1,2,1,3,0,1,2,0,1,3,2,1,3,0,5,5,1,0,0,1,3,2,1,0,3,0,0,1,0,0,0,0,0,3,4,0,1,1,1,3,2,0,2,0,1,0,2,3,3,1,2,3,0,1,0,1,0,4,},
    1: { 0,0,0,1,0,3,0,3,0,2,2,1,0,0,4,0,3,0,3,1,3,0,3,0,3,0,1,0,3,0,3,1,3,0,3,3,0,0,1,2,1,1,1,0,1,2,0,0,0,1,0,0,1,0,0,0,0,0,0,0,0,2,2,1,2,0,0,2,0,0,0,0,2,3,3,3,3,0,0,0,0,1,4,},
    1: { 0,0,0,3,0,3,0,0,0,0,3,1,1,0,3,0,1,0,2,0,1,0,0,0,0,0,0,0,1,0,3,0,2,0,2,3,0,0,2,2,3,1,2,0,0,1,0,0,0,0,0,0,0,0,0,1,0,0,0,0,0,0,0,0,0,0,0,0,0,0,0,0,0,3,0,0,2,0,0,0,0,2,3,},
    1: { 2,4,0,5,0,5,0,4,0,3,4,3,3,3,4,3,3,3,4,3,4,4,5,4,5,5,5,2,3,0,5,5,4,1,5,4,3,1,5,4,3,4,4,3,3,4,3,3,0,3,2,0,2,3,0,3,0,0,3,3,0,5,3,2,3,3,0,3,0,3,0,3,4,5,4,5,3,0,4,3,0,3,4,},
    1: { 0,3,0,3,0,3,0,3,0,3,3,4,3,2,3,2,3,0,4,3,3,3,3,3,3,3,3,0,3,2,4,3,3,1,3,4,3,4,4,4,3,4,4,3,2,4,4,1,0,2,0,0,1,1,0,2,0,0,3,1,0,5,3,2,1,3,0,3,0,1,2,4,3,2,4,3,3,0,3,2,0,4,4,},
    1: { 0,3,0,3,0,1,0,0,0,1,4,3,3,2,3,1,3,1,4,2,3,2,4,2,3,4,3,0,2,2,3,3,3,0,3,3,3,0,3,4,1,3,3,0,3,4,3,3,0,1,1,0,1,0,0,0,4,0,3,0,0,3,1,2,1,3,0,4,0,1,0,4,3,3,4,3,3,0,2,0,0,3,3,},
    1: { 0,3,0,4,0,1,0,3,0,3,4,3,3,0,3,3,3,1,3,1,3,3,4,3,3,3,0,0,3,1,5,3,3,1,3,3,2,5,4,3,3,4,5,3,2,5,3,4,0,1,0,0,0,0,0,2,0,0,1,1,0,4,2,2,1,3,0,3,0,2,0,4,4,3,5,3,2,0,1,1,0,3,4,},
    1: { 0,5,0,4,0,5,0,2,0,4,4,3,3,2,3,3,3,1,4,3,4,1,5,3,4,3,4,0,4,2,4,3,4,1,5,4,0,4,4,4,4,5,4,1,3,5,4,2,1,4,1,1,3,2,0,3,1,0,3,2,1,4,3,3,3,4,0,4,0,3,0,4,4,4,3,3,3,0,4,2,0,3,4,},
    1: { 1,4,0,4,0,3,0,1,0,3,3,3,1,1,3,3,2,2,3,3,1,0,3,2,2,1,2,0,3,1,2,1,2,0,3,2,0,2,2,3,3,4,3,0,3,3,1,2,0,1,1,3,1,2,0,0,3,0,1,1,0,3,2,2,3,3,0,3,0,0,0,2,3,3,4,3,3,0,1,0,0,1,4,},
    1: { 0,4,0,4,0,4,0,0,0,3,4,4,3,1,4,2,3,2,3,3,3,1,4,3,4,0,3,0,4,2,3,3,2,2,5,4,2,1,3,4,3,4,3,1,3,3,4,2,0,2,1,0,3,3,0,0,2,0,3,1,0,4,4,3,4,3,0,4,0,1,0,2,4,4,4,4,4,0,3,2,0,3,3,},
    1: { 0,0,0,1,0,4,0,0,0,0,0,0,1,1,1,0,0,0,0,0,0,0,0,0,1,0,0,0,0,0,0,0,1,0,3,2,0,0,1,0,0,0,1,0,0,0,0,0,0,1,0,0,0,0,0,0,0,0,0,0,0,0,0,0,0,0,0,0,0,0,0,0,0,0,0,0,1,0,0,0,0,0,2,},
    1: { 0,2,0,3,0,4,0,4,0,1,3,3,3,0,4,0,2,1,2,1,1,1,2,0,3,1,1,0,1,0,3,1,0,0,3,3,2,0,1,1,0,0,0,0,0,1,0,2,0,2,2,0,3,1,0,0,1,0,1,1,0,1,2,0,3,0,0,0,0,1,0,0,3,3,4,3,1,0,1,0,3,0,2,},
    1: { 0,0,0,3,0,5,0,0,0,0,1,0,2,0,3,1,0,1,3,0,0,0,2,0,0,0,1,0,0,0,1,1,0,0,4,0,0,0,2,3,0,1,4,1,0,2,0,0,0,0,0,0,0,0,0,0,0,0,0,3,0,0,0,0,0,1,0,0,0,0,0,0,0,2,0,0,3,0,0,0,0,0,3,},
    1: { 0,2,0,5,0,5,0,1,0,2,4,3,3,2,5,1,3,2,3,3,3,0,4,1,2,0,3,0,4,0,2,2,1,1,5,3,0,0,1,4,2,3,2,0,3,3,3,2,0,2,4,1,1,2,0,1,1,0,3,1,0,1,3,1,2,3,0,2,0,0,0,1,3,5,4,4,4,0,3,0,0,1,3,},
    1: { 0,4,0,5,0,4,0,4,0,4,5,4,3,3,4,3,3,3,4,3,4,4,5,3,4,5,4,2,4,2,3,4,3,1,4,4,1,3,5,4,4,5,5,4,4,5,5,5,2,3,3,1,4,3,1,3,3,0,3,3,1,4,3,4,4,4,0,3,0,4,0,3,3,4,4,5,0,0,4,3,0,4,5,},
    1: { 0,4,0,4,0,3,0,3,0,3,4,4,4,3,3,2,4,3,4,3,4,3,5,3,4,3,2,1,4,2,4,4,3,1,3,4,2,4,5,5,3,4,5,4,1,5,4,3,0,3,2,2,3,2,1,3,1,0,3,3,3,5,3,3,3,5,4,4,2,3,3,4,3,3,3,2,1,0,3,2,1,4,3,},
    1: { 0,4,0,5,0,4,0,3,0,3,5,5,3,2,4,3,4,0,5,4,4,1,4,4,4,3,3,3,4,3,5,5,2,3,3,4,1,2,5,5,3,5,5,2,3,5,5,4,0,3,2,0,3,3,1,1,5,1,4,1,0,4,3,2,3,5,0,4,0,3,0,5,4,3,4,3,0,0,4,1,0,4,4,},
    1: { 1,3,0,4,0,2,0,2,0,2,5,5,3,3,3,3,3,0,4,2,3,4,4,4,3,4,0,0,3,4,5,4,3,3,3,3,2,5,5,4,5,5,5,4,3,5,5,5,1,3,1,0,1,0,0,3,2,0,4,2,0,5,2,3,2,4,1,3,0,3,0,4,5,4,5,4,3,0,4,2,0,5,4,},
    1: { 0,3,0,4,0,5,0,3,0,3,4,4,3,2,3,2,3,3,3,3,3,2,4,3,3,2,2,0,3,3,3,3,3,1,3,3,3,0,4,4,3,4,4,1,1,4,4,2,0,3,1,0,1,1,0,4,1,0,2,3,1,3,3,1,3,4,0,3,0,1,0,3,1,3,0,0,1,0,2,0,0,4,4,},
    1: { 0,0,0,0,0,0,0,0,0,0,0,0,0,0,0,0,0,0,0,0,0,0,0,0,0,0,0,0,0,0,0,0,0,0,0,0,0,0,0,0,0,0,0,0,0,0,0,0,0,0,0,0,0,0,0,0,0,0,0,0,0,0,0,0,0,0,0,0,0,0,0,0,0,0,0,0,0,0,0,0,0,0,0,},
    1: { 0,3,0,3,0,2,0,3,0,1,5,4,3,3,3,1,4,2,1,2,3,4,4,2,4,4,5,0,3,1,4,3,4,0,4,3,3,3,2,3,2,5,3,4,3,2,2,3,0,0,3,0,2,1,0,1,2,0,0,0,0,2,1,1,3,1,0,2,0,4,0,3,4,4,4,5,2,0,2,0,0,1,3,},
    1: { 0,0,0,0,0,0,0,0,0,0,0,0,0,0,1,0,0,0,0,0,1,1,1,0,0,1,1,0,0,0,4,2,1,1,0,1,0,3,2,0,0,3,1,1,1,2,2,0,0,0,0,0,0,0,0,0,0,0,0,0,0,3,0,1,0,0,0,2,0,0,0,1,4,0,4,2,1,0,0,0,0,0,1,},
    1: { 0,0,0,0,0,0,0,0,0,1,0,1,0,0,0,0,1,0,0,0,0,0,0,1,0,1,0,0,0,0,3,1,0,0,0,2,0,2,1,0,0,1,2,1,0,1,1,0,0,3,0,0,0,0,0,0,0,0,0,0,0,1,3,1,0,0,0,0,0,1,0,0,2,1,0,0,0,0,0,0,0,0,2,},
    1: { 0,4,0,4,0,4,0,3,0,4,4,3,4,2,4,3,2,0,4,4,4,3,5,3,5,3,3,2,4,2,4,3,4,3,1,4,0,2,3,4,4,4,3,3,3,4,4,4,3,4,1,3,4,3,2,1,2,1,3,3,3,4,4,3,3,5,0,4,0,3,0,4,3,3,3,2,1,0,3,0,0,3,3,},
    1: { 0,4,0,3,0,3,0,3,0,3,5,5,3,3,3,3,4,3,4,3,3,3,4,4,4,3,3,3,3,4,3,5,3,3,1,3,2,4,5,5,5,5,4,3,4,5,5,3,2,2,3,3,3,3,2,3,3,1,2,3,2,4,3,3,3,4,0,4,0,2,0,4,3,2,2,1,2,0,3,0,0,4,1,},
    1: };
    1: 
    1: #define MINIMUM_DATA_THRESHOLD  4
    1: 
    1: void JapaneseContextAnalysis::HandleData(const char* aBuf, PRUint32 aLen)
    1: {
    1:   PRUint32 charLen;
    1:   PRInt32 order;
    1:   PRUint32 i;
    1:   
    1:   if (mDone)
    1:     return;
    1: 
    1:   //The buffer we got is byte oriented, and a character may span in more than one
    1:   //buffers. In case the last one or two byte in last buffer is not complete, we 
    1:   //record how many byte needed to complete that character and skip these bytes here.
    1:   //We can choose to record those bytes as well and analyse the character once it 
    1:   //is complete, but since a character will not make much difference, by simply skipping
    1:   //this character will simply our logic and improve performance.
    1:   for (i = mNeedToSkipCharNum; i < aLen; )
    1:   {
    1:     order = GetOrder(aBuf+i, &charLen);
    1:     i+= charLen;
    1:     if (i > aLen){
    1:       mNeedToSkipCharNum = i - aLen;
    1:       mLastCharOrder = -1;
    1:     }
    1:     else 
    1:     {
    1:       if (order != -1 && mLastCharOrder != -1)
    1:       {
    1:         mTotalRel ++;
    1:         if (mTotalRel > MAX_REL_THRESHOLD)
    1:         {
    1:           mDone = PR_TRUE;
    1:           break;
    1:         }
    1:         mRelSample[jp2CharContext[mLastCharOrder][order]]++;
    1:       }
    1:       mLastCharOrder = order;
    1:     }
    1:   }
    1:   
    1:   return;
    1: }
    1: 
38413: void JapaneseContextAnalysis::Reset(PRBool aIsPreferredLanguage)
    1: {
    1:   mTotalRel = 0;
    1:   for (PRUint32 i = 0; i < NUM_OF_CATEGORY; i++)
    1:     mRelSample[i] = 0;
    1:   mNeedToSkipCharNum = 0;
    1:   mLastCharOrder = -1;
    1:   mDone = PR_FALSE;
38413:   mDataThreshold = aIsPreferredLanguage ? 0 : MINIMUM_DATA_THRESHOLD;
    1: }
    1: #define DONT_KNOW (float)-1
    1: 
38413: float  JapaneseContextAnalysis::GetConfidence(void)
    1: {
    1:   //This is just one way to calculate confidence. It works well for me.
38413:   if (mTotalRel > mDataThreshold)
    1:     return ((float)(mTotalRel - mRelSample[0]))/mTotalRel;
    1:   else 
    1:     return (float)DONT_KNOW;
    1: }
    1: 
    1: 
    1: PRInt32 SJISContextAnalysis::GetOrder(const char* str, PRUint32 *charLen)
    1: {
    1:   //find out current char's byte length
    1:   if ((unsigned char)*str >= (unsigned char)0x81 && (unsigned char)*str <= (unsigned char)0x9f || 
    1:       (unsigned char)*str >= (unsigned char)0xe0 && (unsigned char)*str <= (unsigned char)0xfc )
    1:       *charLen = 2;
    1:   else 
    1:       *charLen = 1;
    1: 
    1:   //return its order if it is hiragana
    1:   if (*str == '\202' && 
    1:         (unsigned char)*(str+1) >= (unsigned char)0x9f && 
    1:         (unsigned char)*(str+1) <= (unsigned char)0xf1)
    1:     return (unsigned char)*(str+1) - (unsigned char)0x9f;
    1:   return -1;
    1: }
    1: 
    1: PRInt32 EUCJPContextAnalysis::GetOrder(const char* str, PRUint32 *charLen)
    1: {
    1:   //find out current char's byte length
    1:   if ((unsigned char)*str == (unsigned char)0x8e ||
    1:       (unsigned char)*str >= (unsigned char)0xa1 && 
    1:       (unsigned char)*str <= (unsigned char)0xfe)
    1:       *charLen = 2;
    1:   else if ((unsigned char)*str == (unsigned char)0x8f)
    1:     *charLen = 3;
    1:   else
    1:     *charLen = 1;
    1: 
    1:   //return its order if it is hiragana
    1:   if ((unsigned char)*str == (unsigned char)0xa4 &&
    1:       (unsigned char)*(str+1) >= (unsigned char)0xa1 && 
    1:       (unsigned char)*(str+1) <= (unsigned char)0xf3)
    1:      return (unsigned char)*(str+1) - (unsigned char)0xa1;
    1:   return -1;
    1: }
