256673
256666
256659
253245
251343
245345
243440
239397
238703
237545
236790
234626
233524
229863
229378
220825
219724
218369
216870
214833
211388
208465
203771
203065
202359
200868
200643
200165
195479
194041
193251
187029
186500
186383
186279
185897
185428
184372
184344
184343
182866
181795
180474
178872
178737
178736
178733
177323
177269
176554
176072
174987
174982
172276
169293
169187
167837
166583
166313
164671
164022
163543
163479
161863
161524
160696
159979
159684
159128
154942
153693
146130
145842
145457
145313
144706
144681
144679
144678
144675
144672
144671
144670
144226
144222
144217
144150
144148
144147
144142
144073
144063
143887
143654
143629
142738
141436
141339
141338
141170
141159
141149
140825
140622
140597
140043
139335
138540
138095
138012
137777
137506
137505
137207
137138
136778
136778
136271
136175
135764
135633
135203
135202
135201
135010
134973
134954
134954
134954
134942
134939
134897
134371
133968
133961
133954
133949
133736
133735
133734
133733
133479
133347
133156
133096
133090
133082
133079
132345
132310
132146
131661
131507
131318
131123
130655
130648
130645
130610
130608
130550
130547
130523
130456
130455
130454
130303
129942
129936
129877
129809
129637
129636
129001
128992
128753
128486
128447
128423
128350
128251
128170
128152
128096
128061
128054
128023
128022
128021
128017
127841
127752
127652
127651
127301
127143
127124
127107
127103
127080
127070
127037
126961
126932
126930
126929
126612
126423
126235
126146
126144
126129
126102
126101
126098
126092
126087
126057
126055
126055
125943
125942
125874
125817
125815
125708
125707
125706
125705
125704
125649
125573
125567
125409
125403
125386
125384
125364
125362
125323
125277
125248
125113
125109
124978
124975
124842
124728
124655
124514
124504
124501
124481
124370
124336
124200
124099
123915
123885
123825
123801
123702
123669
123668
123653
123652
123651
123422
123420
123378
123377
123376
123371
123327
123317
123156
123112
123111
123108
123049
123026
123025
122989
122973
122972
122971
122970
122969
122965
122962
122897
122868
122818
122778
122754
122731
122718
122717
122696
122622
122560
122559
122518
122451
122341
122340
122339
122315
122305
122269
122268
122229
122223
122222
122163
122052
122045
122043
122042
121868
121842
121728
121717
121716
121685
121673
121340
121265
121252
121246
121226
121190
121183
120988
120929
120915
120914
120913
120714
120698
120620
120513
120512
120511
120510
120509
120508
120507
120442
120052
119941
119937
119832
119830
119771
119736
119733
119708
119707
119681
119639
119545
119540
119514
119510
119499
119454
119400
119393
119357
119339
119334
119290
119209
119208
119207
119206
119205
119204
119150
119050
119016
118989
118969
118692
118629
118541
118494
118492
118490
118465
118458
118362
118328
118272
118267
118266
118265
118264
118263
118234
118208
118204
118197
118166
118134
118129
118126
118125
118124
118123
118122
118120
118090
118071
118043
118018
117983
117912
117868
117840
117839
117803
117802
117708
117614
117613
117612
117611
117604
117597
117557
117552
117551
117548
117363
117139
117055
117054
116963
116938
116904
116899
116875
116833
116820
116805
116721
116665
116644
116601
116553
116538
116536
116531
116500
116478
116228
116218
116215
116213
116111
116064
115964
115955
115951
115943
115910
115902
115902
115902
115838
115775
115743
115560
115554
115522
115499
115352
115205
115193
115192
115176
114993
114991
114989
114909
114893
114715
114533
114423
114330
114290
114203
114190
114187
114186
114183
114175
114086
113952
113717
113710
113654
113550
113321
113320
113074
113062
112627
112619
112598
111962
111912
111904
111631
111630
111622
111578
111502
111366
111350
111282
111271
111232
111214
111206
111195
111160
111107
111105
111084
111061
111013
110922
110877
110846
110801
110723
110674
110436
110409
110406
110386
110385
110383
110382
110381
110341
110257
110234
110233
110217
110206
110159
110158
110154
110139
110133
110114
110071
110070
110024
110022
110010
109983
109973
109968
109949
109934
109868
109859
109851
109850
109744
109728
109631
109620
109598
109563
109506
109282
109104
108908
108891
108663
108651
108650
108485
108471
108450
108398
108388
108249
108198
108122
108022
108021
108020
107987
107885
107884
107829
107727
107532
107378
107000
106800
106620
106547
106516
106512
106498
106450
106382
106336
106293
106286
106285
106277
106246
106156
106127
106126
106125
106124
106123
106011
106009
105938
105938
105937
105929
105908
105838
105812
105483
105482
105478
105372
105371
105350
105333
105278
105271
105163
105135
105090
105076
105060
105046
104950
104928
104927
104926
104921
104869
104848
104808
104796
104795
104794
104773
104772
104759
104758
104758
104757
104749
104710
104602
104450
104408
104224
104163
104098
104069
104051
104008
104004
104002
103843
103794
103793
103778
103771
103505
103503
103439
103436
103406
103274
103273
103195
103136
103135
103004
102845
102844
102759
102627
102510
102449
102449
102448
102438
102336
102264
102179
102153
102147
102097
102034
101985
101890
101785
101753
101748
101742
101737
101722
101721
101720
101638
101603
101534
101457
101448
101447
101446
101378
101368
101304
101297
101276
101248
101244
101171
101170
101169
101168
101167
101166
101165
101164
101114
101114
101113
101036
101025
100958
100935
100923
100912
100889
100870
100835
100813
100757
100756
100737
100729
100711
100661
100603
100583
100548
100509
100502
100494
100476
100475
100474
100473
100467
100444
100414
100413
100412
100411
100410
100409
100408
100407
100386
100369
100358
100345
100335
100324
100311
100308
100294
100286
100224
100193
100123
100122
100084
100050
100042
100006
99965
99926
99837
99742
99697
99692
99627
99567
99509
99505
99504
99466
99398
99113
99106
99013
98971
98906
98690
98560
98408
98361
98316
98279
98184
98128
98099
97996
97995
97921
97851
97809
97702
97693
97686
97685
97657
97648
97559
97516
97506
97427
97371
97346
97316
97187
97182
97182
97156
97123
97120
97069
97062
97061
97050
97044
97043
97031
97024
96998
96970
96923
96824
96692
96672
96659
96638
96635
96604
96603
96535
96510
96498
96474
96450
96422
96420
96415
96396
96394
96310
96309
96308
96305
96301
96270
96268
96238
96127
96116
96083
96081
96079
96061
96050
96032
96013
96006
95900
95896
95683
95667
95593
95492
95491
95335
95284
95169
95080
95049
95042
95017
95016
95000
94969
94967
94793
94746
94646
94638
94627
94611
94587
94581
94570
94547
94538
94524
94488
94410
94400
94371
94366
94341
94143
94082
93893
93850
93680
93602
93577
93563
93527
93520
93459
93441
93440
93439
93339
93174
93141
92936
92913
92671
92638
92637
92636
92634
92622
92608
92564
92556
92538
92537
92496
92473
92473
92471
92402
92400
92385
92378
92373
92370
92358
92283
92127
91993
91961
91961
91947
91914
91881
91863
91740
91723
91355
91216
91197
91172
91165
91164
91138
91135
91105
91091
91090
90957
90942
90939
90929
90886
90858
90849
90841
90840
90726
90725
90606
90539
90517
90500
90494
90492
90442
90421
90389
90372
90335
90318
90187
90120
90013
90008
89980
89959
89732
89690
89660
89617
89584
89551
89512
89489
89481
89460
89366
89353
89348
89242
89238
89079
89078
89077
89076
89041
89027
89026
89023
89017
89013
89002
88984
88932
88932
88925
88889
88870
88851
88850
88849
88848
88818
88811
88798
88796
88786
88712
88709
88656
88625
88624
88540
88528
88527
88502
88337
88335
88304
88288
88180
88176
88089
88061
88010
87965
87943
87781
87741
87740
87739
87649
87648
87637
87634
87633
87632
87619
87606
87393
87189
87188
87187
87172
87165
87091
87049
87048
87047
87046
87014
87009
86966
86958
86945
86944
86925
86889
86784
86783
86759
86620
86574
86327
86271
86237
86236
86232
86122
86120
86094
85945
85945
85920
85920
85918
85918
85902
85902
85895
85841
85826
85825
85824
85821
85783
85776
85763
85743
85725
85611
85607
85546
85541
85524
85486
85438
85380
85378
85295
85294
85264
85256
85243
85240
85220
85205
85187
85185
85156
85060
84882
84881
84783
84772
84669
84396
84323
84278
84241
84240
84198
84060
84047
84046
83840
83576
83474
83209
83181
83160
83145
83144
83121
83119
83101
83087
83076
83074
83012
82941
82939
82898
82893
82768
82571
82556
82409
82398
82359
82333
82172
82163
82158
82114
82046
82045
81979
81965
81918
81898
81895
81873
81869
81868
81860
81851
81831
81829
81803
81795
81785
81784
81779
81772
81753
81747
81746
81745
81743
81734
81724
81717
81696
81693
81660
81617
81616
81594
81554
81519
81499
81409
81408
81355
81326
81297
81288
81166
81107
81106
81105
81073
81072
81071
81070
80981
80871
80870
80863
80802
80782
80731
80630
80584
80574
80525
80519
80500
80492
80415
80381
80353
80313
80309
80260
80259
80240
80173
79696
79695
79650
79494
79298
79297
79296
79294
79270
79195
79174
79172
79164
79162
79161
79152
79147
79137
79132
79102
78937
78936
78728
78689
78619
78578
78485
78299
78290
78196
78137
78105
78103
77976
77946
77941
77919
77850
77683
77680
77638
77630
77598
77560
77523
77519
77367
77312
77274
77269
77242
77181
77173
77172
77065
76967
76804
76790
76727
76707
76687
76680
76627
76623
76524
76523
76509
76508
76489
76484
76454
76449
76447
76421
76405
76338
76314
76200
76166
76143
76036
76010
75993
75940
75933
75911
75910
75902
75893
75853
75782
75779
75396
75352
75313
75254
75234
75206
75024
74972
74947
74938
74916
74915
74910
74897
74856
74841
74840
74835
74779
74739
74731
74728
74713
74709
74643
74641
74421
74400
74389
74388
74387
74375
74345
74333
74329
74324
74323
74322
74321
74320
74319
74318
74277
74136
74046
74026
74025
74024
74003
73984
73941
73935
73904
73842
73774
73757
73723
73625
73542
73433
73355
73352
73272
73269
73252
73243
73237
73236
73232
73231
73200
73196
73186
73180
73177
73174
73173
73172
73171
73169
73164
73160
73152
73151
73132
73131
73101
73096
73082
73053
72998
72961
72916
72915
72903
72893
72712
72710
72668
72664
72662
72577
72575
72565
72542
72538
72537
72536
72498
72451
72450
72435
72392
72391
72354
72303
72063
72057
72039
72037
72023
71952
71948
71900
71816
71767
71753
71740
71736
71706
71626
71572
71560
71560
71470
71437
71334
71332
71330
71305
71260
71107
71062
71061
71022
70929
70911
70713
70707
70704
70688
70683
70682
70659
70630
70622
70618
70614
70607
70592
70582
70572
70572
70563
70541
70534
70521
70508
70491
70483
70469
70468
70351
70350
70298
70266
70145
70002
69828
69680
69648
69634
69583
69480
69478
69417
69416
69345
69280
69226
69135
69134
69055
69041
69019
69018
69012
68970
68962
68873
68870
68775
68683
68680
68644
68552
68465
68401
68339
68300
68299
68298
68282
68280
68279
68268
68263
68258
68253
68252
68251
68245
68239
68237
68234
68204
68203
68192
68189
68182
68129
68126
68125
68124
68123
68122
68111
68100
68091
68082
68055
68050
68049
68038
68037
67973
67820
67694
67659
67656
67655
67638
67586
67584
67575
67571
66592
64663
64645
64643
64565
64515
64409
64405
64404
64400
64382
64208
64200
64198
64172
64169
64102
64049
64006
64005
64004
64003
64002
64001
63995
63994
63993
63971
63941
63924
63923
63922
63896
63895
63894
63818
63710
63610
63444
63443
63396
63395
63394
63391
63386
63382
63365
63363
63332
63292
63291
63290
63289
63278
63278
63243
63226
63222
63204
63171
63164
63153
63115
63087
63086
63073
63059
63058
63027
63023
63022
63015
63014
62961
62947
62912
62908
62904
62901
62900
62899
62893
62887
62878
62871
62870
62865
62860
62855
62850
62816
62780
62779
62756
62749
62722
62680
62663
62632
62608
62603
62601
62600
62539
62521
62514
62431
62429
62428
62415
62380
62379
62344
62275
62252
62215
62211
62180
62047
61999
61990
61984
61975
61962
61959
61935
61934
61933
61918
61875
61802
61798
61791
61767
61765
61737
61732
61729
61723
61720
61684
61670
61648
61638
61630
61614
61564
61560
61544
61542
61541
61526
61422
61226
61219
61062
61057
61025
60916
60887
60867
60817
60813
60783
60769
60768
60713
60698
60643
60581
60572
60566
60533
60499
60473
60410
60364
60363
60343
60342
60341
60340
60339
60338
60335
60334
60333
60299
60293
60275
60263
60262
60248
60231
60135
60120
60095
60078
59983
59976
59946
59757
59742
59725
59713
59712
59701
59687
59678
59677
59660
59654
59621
59581
59576
59465
59394
59246
59231
59211
59192
59184
59157
59145
59074
59030
58972
58965
58922
58921
58911
58910
58910
58909
58908
58808
58807
58783
58782
58777
58718
58699
58698
58697
58678
58677
58676
58661
58621
58596
58595
58560
58551
58546
58545
58511
58510
58509
58485
58461
58439
58390
58375
58346
58093
58080
58032
58006
58000
57960
57959
57958
57934
57918
57913
57898
57896
57894
57876
57841
57831
57830
57810
57777
57763
57749
57732
57596
57585
57559
57558
57517
57469
57437
57342
57308
57304
57279
57169
57168
57159
57148
57133
57125
57104
57069
57030
56944
56935
56931
56848
56820
56819
56652
56630
56619
56616
56604
56591
56476
56453
56388
56272
56239
56231
56230
56187
56178
56177
56117
56116
56104
56042
56037
56020
56019
56011
55989
55964
55946
55932
55899
55879
55835
55834
55815
55719
55555
55485
55484
55358
55305
55285
55281
55280
55203
55148
55147
55145
55115
55054
55020
54949
54924
54790
54717
54706
54704
54670
54660
54642
54557
54519
54518
54512
54510
54500
54474
54416
54373
54363
54337
54276
54262
54261
54260
54232
54185
54184
54163
54161
53987
53967
53945
53936
53935
53890
53889
53842
53824
53786
53785
53784
53783
53740
53641
53591
53586
53544
53520
53499
53099
53035
53034
53017
52510
52098
52040
51989
51988
51985
51829
51784
51735
51668
51653
51614
51587
51561
51529
51478
51354
51138
50897
50896
50895
50893
50892
50756
50640
50632
50607
50606
50495
49702
49698
49697
49696
49548
49546
49544
49396
49395
49394
49259
49214
49193
49182
49153
49126
49092
48965
48941
48888
48846
48845
48844
48765
48497
48493
48488
48482
48451
48427
48417
48340
48339
48213
48112
48100
48021
47966
47962
47944
47720
47695
47511
47491
47341
47340
47309
47232
46486
46485
46478
46477
46476
46319
46318
46311
44164
44137
43881
43804
43763
43667
43503
43413
43303
43300
43262
43222
43088
43073
43018
42897
42889
42847
42846
42767
42765
42764
42738
42683
42683
42624
42619
42537
42532
42396
42358
42182
42178
42167
42132
42018
42017
41997
41861
41860
41848
41810
41664
41663
41543
41542
41490
41480
41277
41175
41139
41134
41120
40964
40873
40863
40861
40798
40789
40729
40723
40719
40680
40665
40664
40636
40516
40501
40468
40278
40276
40250
40215
40152
40012
39893
39843
39837
39829
39752
39751
39720
39717
39653
39611
39562
39557
39530
39411
39322
39301
39270
39266
39265
39264
39262
39261
39122
39091
39090
39069
38950
38949
38833
38791
38790
38789
38786
38785
38715
38714
38669
38646
38628
38624
38624
38623
38623
38623
38623
38623
38623
38623
38608
38596
38592
38461
38446
38417
38413
38374
38328
38317
38316
38311
38299
38285
38212
38211
38208
38161
38160
38126
38049
38048
37885
37874
37867
37865
37857
37856
37847
37845
37843
37842
37841
37839
37830
37731
37709
37705
37604
37600
37535
37534
37502
37469
37464
37454
37361
37336
37156
37155
37152
37148
37147
37130
37102
37028
37012
36986
36967
36884
36860
36801
36792
36788
36787
36786
36785
36784
36783
36700
36689
36662
36660
36627
36612
36611
36607
36606
36605
36560
36558
36505
36494
36492
36487
36471
36467
36449
36442
36441
36440
36265
36261
36236
36192
36150
35665
35644
35588
35511
35510
35443
35432
35426
35416
35411
35410
35332
35331
35279
35278
35274
35272
35270
35266
35249
35245
35221
35220
35219
35211
35181
35179
35177
35158
35157
35156
35134
35124
35109
35105
35050
35030
35026
35025
35023
35022
35022
35021
35020
35002
35000
34997
34957
34947
34926
34925
34904
34848
34818
34809
34761
34760
34731
34727
34722
34720
34687
34674
34657
34655
34651
34650
34644
34556
34542
34526
34477
34474
34443
34423
34417
34413
34411
34311
34307
34307
34239
34238
34222
34203
34178
34148
34104
34033
33972
33960
33936
33884
33862
33855
33842
33783
33609
33595
33399
33398
33394
33356
33281
33130
33094
32939
32865
32687
32686
32591
32539
32377
32376
32316
32162
32102
32090
32044
32040
31943
31932
31874
31872
31868
31864
31777
31762
31653
31321
31265
31263
31262
31253
31179
31126
31125
31112
31112
31112
31109
31103
31062
31034
31029
31028
30951
30950
30880
30820
30802
30740
30638
30545
30470
30458
30435
30427
30419
30384
30361
30299
30287
30223
30053
30037
29958
29906
29873
29865
29804
29795
29550
29543
29513
29353
29296
29162
29121
29112
29100
28969
28901
28893
28880
28875
28864
28831
28730
28513
28360
28311
28110
28095
28092
28004
27985
27948
27841
27817
27816
27800
27799
27795
27794
27793
27791
27789
27788
27786
27785
27784
27781
27780
27777
27771
27769
27768
27767
27765
27760
27758
27757
27756
27753
27751
27750
27747
27745
27738
27730
27729
27728
27727
27719
27694
27682
27594
27589
27586
27584
27506
27505
27374
27371
27346
27345
27342
27341
27329
27325
27291
27164
27111
27109
27050
26726
26670
26669
26659
26559
26527
26484
26295
26203
26202
26192
26180
26143
26087
26086
26078
26068
26066
25929
25911
25906
25749
25720
25680
25625
25597
25491
25474
25450
25414
25338
25311
25180
25142
25141
25137
25096
24763
24763
24763
24763
24620
24615
24609
24587
24493
24483
24450
24414
24357
24341
24319
24308
24302
24292
24262
24225
24162
24153
23980
23979
23915
23783
23745
23669
23666
23487
23385
23299
23298
23234
23224
23171
23170
23169
23168
23167
23166
23165
23164
23163
23162
23161
23121
23115
22988
22978
22972
22960
22958
22955
22905
22769
22603
22529
22483
22469
22468
22344
22344
22255
22225
22222
22221
22132
22130
22128
22120
22071
21958
21936
21744
21697
20670
20602
20564
20563
20514
20329
20286
20255
20231
20010
19931
19662
19293
19290
19282
19021
18796
17012
17006
15874
15756
15697
15569
15530
15444
15262
15253
15240
15194
15186
15159
14986
14789
14720
14682
14528
13899
13489
13439
13296
12940
12591
11339
11110
10388
9810
9735
9734
9733
9550
9422
8944
8939
8759
8553
8521
8358
8292
8192
8109
7947
7938
7811
7739
7737
7680
7173
7113
7014
6941
6674
6589
6245
6205
6200
6070
5872
5869
5813
5599
5421
5352
5074
4291
3667
3425
3368
3338
3311
3151
3116
3074
3030
2656
2528
2417
2411
2345
2193
1904
1899
1680
1413
1412
1349
1316
1302
1137
1103
867
762
721
703
414
213
95
